a<-"bhaskar"
b<-c(1,2,45,6)
b
c<-c(1,2,3)
c
